0 42 50
42 43 49
43 44 48
44 45 47
45 12 46
50 49 51
49 48 52
48 47 53
47 46 54
51 52 57
52 53 56
53 54 55
57 56 58
56 55 59
58 59 14
58 59 56
57 56 52
56 55 53
51 52 49
52 53 48
53 54 47
50 49 42
49 48 43
48 47 44
47 46 45
12 60 68
60 61 67
61 62 66
62 63 65
63 8 64
68 67 69
67 66 70
66 65 71
65 64 72
69 70 75
70 71 74
71 72 73
75 74 76
74 73 77
76 77 13
76 77 74
75 74 70
74 73 71
69 70 67
70 71 66
71 72 65
68 67 60
67 66 61
66 65 62
65 64 63
13 78 86
78 79 85
79 80 84
80 81 83
81 14 82
86 85 87
85 84 88
84 83 89
83 82 90
87 88 93
88 89 92
89 90 91
93 92 94
92 91 95
94 95 4
94 95 92
93 92 88
92 91 89
87 88 85
88 89 84
89 90 83
86 85 78
85 84 79
84 83 80
83 82 81
13 78 76
78 79 98
79 80 97
80 81 96
81 14 59
76 98 75
98 97 99
97 96 100
96 59 55
75 99 69
99 100 101
100 55 54
69 101 68
101 54 46
68 46 12
68 46 101
69 101 99
101 54 100
75 99 98
99 100 97
100 55 96
76 98 78
98 97 79
97 96 80
96 59 81
0 102 110
102 103 109
103 104 108
104 105 107
105 15 106
110 109 111
109 108 112
108 107 113
107 106 114
111 112 117
112 113 116
113 114 115
117 116 118
116 115 119
118 119 17
118 119 116
117 116 112
116 115 113
111 112 109
112 113 108
113 114 107
110 109 102
109 108 103
108 107 104
107 106 105
15 120 128
120 121 127
121 122 126
122 123 125
123 5 124
128 127 129
127 126 130
126 125 131
125 124 132
129 130 135
130 131 134
131 132 133
135 134 136
134 133 137
136 137 16
136 137 134
135 134 130
134 133 131
129 130 127
130 131 126
131 132 125
128 127 120
127 126 121
126 125 122
125 124 123
16 138 146
138 139 145
139 140 144
140 141 143
141 17 142
146 145 147
145 144 148
144 143 149
143 142 150
147 148 153
148 149 152
149 150 151
153 152 154
152 151 155
154 155 10
154 155 152
153 152 148
152 151 149
147 148 145
148 149 144
149 150 143
146 145 138
145 144 139
144 143 140
143 142 141
16 138 136
138 139 158
139 140 157
140 141 156
141 17 119
136 158 135
158 157 159
157 156 160
156 119 115
135 159 129
159 160 161
160 115 114
129 161 128
161 114 106
128 106 15
128 106 161
129 161 159
161 114 160
135 159 158
159 160 157
160 115 156
136 158 138
158 157 139
157 156 140
156 119 141
2 162 170
162 163 169
163 164 168
164 165 167
165 18 166
170 169 171
169 168 172
168 167 173
167 166 174
171 172 177
172 173 176
173 174 175
177 176 178
176 175 179
178 179 20
178 179 176
177 176 172
176 175 173
171 172 169
172 173 168
173 174 167
170 169 162
169 168 163
168 167 164
167 166 165
18 180 188
180 181 187
181 182 186
182 183 185
183 4 184
188 187 189
187 186 190
186 185 191
185 184 192
189 190 195
190 191 194
191 192 193
195 194 196
194 193 197
196 197 19
196 197 194
195 194 190
194 193 191
189 190 187
190 191 186
191 192 185
188 187 180
187 186 181
186 185 182
185 184 183
19 198 206
198 199 205
199 200 204
200 201 203
201 20 202
206 205 207
205 204 208
204 203 209
203 202 210
207 208 213
208 209 212
209 210 211
213 212 214
212 211 215
214 215 9
214 215 212
213 212 208
212 211 209
207 208 205
208 209 204
209 210 203
206 205 198
205 204 199
204 203 200
203 202 201
19 198 196
198 199 218
199 200 217
200 201 216
201 20 179
196 218 195
218 217 219
217 216 220
216 179 175
195 219 189
219 220 221
220 175 174
189 221 188
221 174 166
188 166 18
188 166 221
189 221 219
221 174 220
195 219 218
219 220 217
220 175 216
196 218 198
218 217 199
217 216 200
216 179 201
2 222 230
222 223 229
223 224 228
224 225 227
225 21 226
230 229 231
229 228 232
228 227 233
227 226 234
231 232 237
232 233 236
233 234 235
237 236 238
236 235 239
238 239 23
238 239 236
237 236 232
236 235 233
231 232 229
232 233 228
233 234 227
230 229 222
229 228 223
228 227 224
227 226 225
21 240 248
240 241 247
241 242 246
242 243 245
243 11 244
248 247 249
247 246 250
246 245 251
245 244 252
249 250 255
250 251 254
251 252 253
255 254 256
254 253 257
256 257 22
256 257 254
255 254 250
254 253 251
249 250 247
250 251 246
251 252 245
248 247 240
247 246 241
246 245 242
245 244 243
22 258 266
258 259 265
259 260 264
260 261 263
261 23 262
266 265 267
265 264 268
264 263 269
263 262 270
267 268 273
268 269 272
269 270 271
273 272 274
272 271 275
274 275 5
274 275 272
273 272 268
272 271 269
267 268 265
268 269 264
269 270 263
266 265 258
265 264 259
264 263 260
263 262 261
22 258 256
258 259 278
259 260 277
260 261 276
261 23 239
256 278 255
278 277 279
277 276 280
276 239 235
255 279 249
279 280 281
280 235 234
249 281 248
281 234 226
248 226 21
248 226 281
249 281 279
281 234 280
255 279 278
279 280 277
280 235 276
256 278 258
278 277 259
277 276 260
276 239 261
1 282 290
282 283 289
283 284 288
284 285 287
285 24 286
290 289 291
289 288 292
288 287 293
287 286 294
291 292 297
292 293 296
293 294 295
297 296 298
296 295 299
298 299 26
298 299 296
297 296 292
296 295 293
291 292 289
292 293 288
293 294 287
290 289 282
289 288 283
288 287 284
287 286 285
24 300 308
300 301 307
301 302 306
302 303 305
303 6 304
308 307 309
307 306 310
306 305 311
305 304 312
309 310 315
310 311 314
311 312 313
315 314 316
314 313 317
316 317 25
316 317 314
315 314 310
314 313 311
309 310 307
310 311 306
311 312 305
308 307 300
307 306 301
306 305 302
305 304 303
25 318 326
318 319 325
319 320 324
320 321 323
321 26 322
326 325 327
325 324 328
324 323 329
323 322 330
327 328 333
328 329 332
329 330 331
333 332 334
332 331 335
334 335 8
334 335 332
333 332 328
332 331 329
327 328 325
328 329 324
329 330 323
326 325 318
325 324 319
324 323 320
323 322 321
25 318 316
318 319 338
319 320 337
320 321 336
321 26 299
316 338 315
338 337 339
337 336 340
336 299 295
315 339 309
339 340 341
340 295 294
309 341 308
341 294 286
308 286 24
308 286 341
309 341 339
341 294 340
315 339 338
339 340 337
340 295 336
316 338 318
338 337 319
337 336 320
336 299 321
1 342 350
342 343 349
343 344 348
344 345 347
345 27 346
350 349 351
349 348 352
348 347 353
347 346 354
351 352 357
352 353 356
353 354 355
357 356 358
356 355 359
358 359 29
358 359 356
357 356 352
356 355 353
351 352 349
352 353 348
353 354 347
350 349 342
349 348 343
348 347 344
347 346 345
27 360 368
360 361 367
361 362 366
362 363 365
363 10 364
368 367 369
367 366 370
366 365 371
365 364 372
369 370 375
370 371 374
371 372 373
375 374 376
374 373 377
376 377 28
376 377 374
375 374 370
374 373 371
369 370 367
370 371 366
371 372 365
368 367 360
367 366 361
366 365 362
365 364 363
28 378 386
378 379 385
379 380 384
380 381 383
381 29 382
386 385 387
385 384 388
384 383 389
383 382 390
387 388 393
388 389 392
389 390 391
393 392 394
392 391 395
394 395 7
394 395 392
393 392 388
392 391 389
387 388 385
388 389 384
389 390 383
386 385 378
385 384 379
384 383 380
383 382 381
28 378 376
378 379 398
379 380 397
380 381 396
381 29 359
376 398 375
398 397 399
397 396 400
396 359 355
375 399 369
399 400 401
400 355 354
369 401 368
401 354 346
368 346 27
368 346 401
369 401 399
401 354 400
375 399 398
399 400 397
400 355 396
376 398 378
398 397 379
397 396 380
396 359 381
3 402 410
402 403 409
403 404 408
404 405 407
405 30 406
410 409 411
409 408 412
408 407 413
407 406 414
411 412 417
412 413 416
413 414 415
417 416 418
416 415 419
418 419 32
418 419 416
417 416 412
416 415 413
411 412 409
412 413 408
413 414 407
410 409 402
409 408 403
408 407 404
407 406 405
30 420 428
420 421 427
421 422 426
422 423 425
423 9 424
428 427 429
427 426 430
426 425 431
425 424 432
429 430 435
430 431 434
431 432 433
435 434 436
434 433 437
436 437 31
436 437 434
435 434 430
434 433 431
429 430 427
430 431 426
431 432 425
428 427 420
427 426 421
426 425 422
425 424 423
31 438 446
438 439 445
439 440 444
440 441 443
441 32 442
446 445 447
445 444 448
444 443 449
443 442 450
447 448 453
448 449 452
449 450 451
453 452 454
452 451 455
454 455 6
454 455 452
453 452 448
452 451 449
447 448 445
448 449 444
449 450 443
446 445 438
445 444 439
444 443 440
443 442 441
31 438 436
438 439 458
439 440 457
440 441 456
441 32 419
436 458 435
458 457 459
457 456 460
456 419 415
435 459 429
459 460 461
460 415 414
429 461 428
461 414 406
428 406 30
428 406 461
429 461 459
461 414 460
435 459 458
459 460 457
460 415 456
436 458 438
458 457 439
457 456 440
456 419 441
3 462 470
462 463 469
463 464 468
464 465 467
465 33 466
470 469 471
469 468 472
468 467 473
467 466 474
471 472 477
472 473 476
473 474 475
477 476 478
476 475 479
478 479 35
478 479 476
477 476 472
476 475 473
471 472 469
472 473 468
473 474 467
470 469 462
469 468 463
468 467 464
467 466 465
33 480 488
480 481 487
481 482 486
482 483 485
483 7 484
488 487 489
487 486 490
486 485 491
485 484 492
489 490 495
490 491 494
491 492 493
495 494 496
494 493 497
496 497 34
496 497 494
495 494 490
494 493 491
489 490 487
490 491 486
491 492 485
488 487 480
487 486 481
486 485 482
485 484 483
34 498 506
498 499 505
499 500 504
500 501 503
501 35 502
506 505 507
505 504 508
504 503 509
503 502 510
507 508 513
508 509 512
509 510 511
513 512 514
512 511 515
514 515 11
514 515 512
513 512 508
512 511 509
507 508 505
508 509 504
509 510 503
506 505 498
505 504 499
504 503 500
503 502 501
34 498 496
498 499 518
499 500 517
500 501 516
501 35 479
496 518 495
518 517 519
517 516 520
516 479 475
495 519 489
519 520 521
520 475 474
489 521 488
521 474 466
488 466 33
488 466 521
489 521 519
521 474 520
495 519 518
519 520 517
520 475 516
496 518 498
518 517 499
517 516 500
516 479 501
0 110 42
110 111 525
111 117 524
117 118 523
118 17 522
42 525 43
525 524 526
524 523 527
523 522 528
43 526 44
526 527 530
527 528 529
44 530 45
530 529 531
45 531 12
45 531 530
44 530 526
530 529 527
43 526 525
526 527 524
527 528 523
42 525 110
525 524 111
524 523 117
523 522 118
17 142 536
142 150 535
150 151 534
151 155 533
155 10 532
536 535 537
535 534 538
534 533 539
533 532 540
537 538 543
538 539 542
539 540 541
543 542 544
542 541 545
544 545 36
544 545 542
543 542 538
542 541 539
537 538 535
538 539 534
539 540 533
536 535 142
535 534 150
534 533 151
533 532 155
36 546 553
546 547 552
547 548 551
548 549 550
549 12 60
553 552 554
552 551 555
551 550 556
550 60 61
554 555 558
555 556 557
556 61 62
558 557 559
557 62 63
559 63 8
559 63 557
558 557 555
557 62 556
554 555 552
555 556 551
556 61 550
553 552 546
552 551 547
551 550 548
550 60 549
36 546 544
546 547 562
547 548 561
548 549 560
549 12 531
544 562 543
562 561 563
561 560 564
560 531 529
543 563 537
563 564 565
564 529 528
537 565 536
565 528 522
536 522 17
536 522 565
537 565 563
565 528 564
543 563 562
563 564 561
564 529 560
544 562 546
562 561 547
561 560 548
560 531 549
1 290 342
290 291 569
291 297 568
297 298 567
298 26 566
342 569 343
569 568 570
568 567 571
567 566 572
343 570 344
570 571 574
571 572 573
344 574 345
574 573 575
345 575 27
345 575 574
344 574 570
574 573 571
343 570 569
570 571 568
571 572 567
342 569 290
569 568 291
568 567 297
567 566 298
26 322 579
322 330 578
330 331 577
331 335 576
335 8 559
579 578 580
578 577 581
577 576 582
576 559 558
580 581 584
581 582 583
582 558 554
584 583 585
583 554 553
585 553 36
585 553 583
584 583 581
583 554 582
580 581 578
581 582 577
582 558 576
579 578 322
578 577 330
577 576 331
576 559 335
36 586 545
586 587 592
587 588 591
588 589 590
589 27 360
545 592 541
592 591 593
591 590 594
590 360 361
541 593 540
593 594 595
594 361 362
540 595 532
595 362 363
532 363 10
532 363 595
540 595 593
595 362 594
541 593 592
593 594 591
594 361 590
545 592 586
592 591 587
591 590 588
590 360 589
36 586 585
586 587 598
587 588 597
588 589 596
589 27 575
585 598 584
598 597 599
597 596 600
596 575 573
584 599 580
599 600 601
600 573 572
580 601 579
601 572 566
579 566 26
579 566 601
580 601 599
601 572 600
584 599 598
599 600 597
600 573 596
585 598 586
598 597 587
597 596 588
596 575 589
2 170 222
170 171 605
171 177 604
177 178 603
178 20 602
222 605 223
605 604 606
604 603 607
603 602 608
223 606 224
606 607 610
607 608 609
224 610 225
610 609 611
225 611 21
225 611 610
224 610 606
610 609 607
223 606 605
606 607 604
607 608 603
222 605 170
605 604 171
604 603 177
603 602 178
20 202 616
202 210 615
210 211 614
211 215 613
215 9 612
616 615 617
615 614 618
614 613 619
613 612 620
617 618 623
618 619 622
619 620 621
623 622 624
622 621 625
624 625 37
624 625 622
623 622 618
622 621 619
617 618 615
618 619 614
619 620 613
616 615 202
615 614 210
614 613 211
613 612 215
37 626 633
626 627 632
627 628 631
628 629 630
629 21 240
633 632 634
632 631 635
631 630 636
630 240 241
634 635 638
635 636 637
636 241 242
638 637 639
637 242 243
639 243 11
639 243 637
638 637 635
637 242 636
634 635 632
635 636 631
636 241 630
633 632 626
632 631 627
631 630 628
630 240 629
37 626 624
626 627 642
627 628 641
628 629 640
629 21 611
624 642 623
642 641 643
641 640 644
640 611 609
623 643 617
643 644 645
644 609 608
617 645 616
645 608 602
616 602 20
616 602 645
617 645 643
645 608 644
623 643 642
643 644 641
644 609 640
624 642 626
642 641 627
641 640 628
640 611 629
3 470 402
470 471 649
471 477 648
477 478 647
478 35 646
402 649 403
649 648 650
648 647 651
647 646 652
403 650 404
650 651 654
651 652 653
404 654 405
654 653 655
405 655 30
405 655 654
404 654 650
654 653 651
403 650 649
650 651 648
651 652 647
402 649 470
649 648 471
648 647 477
647 646 478
35 502 659
502 510 658
510 511 657
511 515 656
515 11 639
659 658 660
658 657 661
657 656 662
656 639 638
660 661 664
661 662 663
662 638 634
664 663 665
663 634 633
665 633 37
665 633 663
664 663 661
663 634 662
660 661 658
661 662 657
662 638 656
659 658 502
658 657 510
657 656 511
656 639 515
37 666 625
666 667 672
667 668 671
668 669 670
669 30 420
625 672 621
672 671 673
671 670 674
670 420 421
621 673 620
673 674 675
674 421 422
620 675 612
675 422 423
612 423 9
612 423 675
620 675 673
675 422 674
621 673 672
673 674 671
674 421 670
625 672 666
672 671 667
671 670 668
670 420 669
37 666 665
666 667 678
667 668 677
668 669 676
669 30 655
665 678 664
678 677 679
677 676 680
676 655 653
664 679 660
679 680 681
680 653 652
660 681 659
681 652 646
659 646 35
659 646 681
660 681 679
681 652 680
664 679 678
679 680 677
680 653 676
665 678 666
678 677 667
677 676 668
676 655 669
4 183 95
183 182 685
182 181 684
181 180 683
180 18 682
95 685 91
685 684 686
684 683 687
683 682 688
91 686 90
686 687 690
687 688 689
90 690 82
690 689 691
82 691 14
82 691 690
90 690 686
690 689 687
91 686 685
686 687 684
687 688 683
95 685 183
685 684 182
684 683 181
683 682 180
18 165 696
165 164 695
164 163 694
163 162 693
162 2 692
696 695 697
695 694 698
694 693 699
693 692 700
697 698 703
698 699 702
699 700 701
703 702 704
702 701 705
704 705 38
704 705 702
703 702 698
702 701 699
697 698 695
698 699 694
699 700 693
696 695 165
695 694 164
694 693 163
693 692 162
38 706 713
706 707 712
707 708 711
708 709 710
709 14 58
713 712 714
712 711 715
711 710 716
710 58 57
714 715 718
715 716 717
716 57 51
718 717 719
717 51 50
719 50 0
719 50 717
718 717 715
717 51 716
714 715 712
715 716 711
716 57 710
713 712 706
712 711 707
711 710 708
710 58 709
38 706 704
706 707 722
707 708 721
708 709 720
709 14 691
704 722 703
722 721 723
721 720 724
720 691 689
703 723 697
723 724 725
724 689 688
697 725 696
725 688 682
696 682 18
696 682 725
697 725 723
725 688 724
703 723 722
723 724 721
724 689 720
704 722 706
722 721 707
721 720 708
720 691 709
5 123 275
123 122 729
122 121 728
121 120 727
120 15 726
275 729 271
729 728 730
728 727 731
727 726 732
271 730 270
730 731 734
731 732 733
270 734 262
734 733 735
262 735 23
262 735 734
270 734 730
734 733 731
271 730 729
730 731 728
731 732 727
275 729 123
729 728 122
728 727 121
727 726 120
15 105 739
105 104 738
104 103 737
103 102 736
102 0 719
739 738 740
738 737 741
737 736 742
736 719 718
740 741 744
741 742 743
742 718 714
744 743 745
743 714 713
745 713 38
745 713 743
744 743 741
743 714 742
740 741 738
741 742 737
742 718 736
739 738 105
738 737 104
737 736 103
736 719 102
38 746 705
746 747 752
747 748 751
748 749 750
749 23 238
705 752 701
752 751 753
751 750 754
750 238 237
701 753 700
753 754 755
754 237 231
700 755 692
755 231 230
692 230 2
692 230 755
700 755 753
755 231 754
701 753 752
753 754 751
754 237 750
705 752 746
752 751 747
751 750 748
750 238 749
38 746 745
746 747 758
747 748 757
748 749 756
749 23 735
745 758 744
758 757 759
757 756 760
756 735 733
744 759 740
759 760 761
760 733 732
740 761 739
761 732 726
739 726 15
739 726 761
740 761 759
761 732 760
744 759 758
759 760 757
760 733 756
745 758 746
758 757 747
757 756 748
756 735 749
6 303 455
303 302 765
302 301 764
301 300 763
300 24 762
455 765 451
765 764 766
764 763 767
763 762 768
451 766 450
766 767 770
767 768 769
450 770 442
770 769 771
442 771 32
442 771 770
450 770 766
770 769 767
451 766 765
766 767 764
767 768 763
455 765 303
765 764 302
764 763 301
763 762 300
24 285 776
285 284 775
284 283 774
283 282 773
282 1 772
776 775 777
775 774 778
774 773 779
773 772 780
777 778 783
778 779 782
779 780 781
783 782 784
782 781 785
784 785 39
784 785 782
783 782 778
782 781 779
777 778 775
778 779 774
779 780 773
776 775 285
775 774 284
774 773 283
773 772 282
39 786 793
786 787 792
787 788 791
788 789 790
789 32 418
793 792 794
792 791 795
791 790 796
790 418 417
794 795 798
795 796 797
796 417 411
798 797 799
797 411 410
799 410 3
799 410 797
798 797 795
797 411 796
794 795 792
795 796 791
796 417 790
793 792 786
792 791 787
791 790 788
790 418 789
39 786 784
786 787 802
787 788 801
788 789 800
789 32 771
784 802 783
802 801 803
801 800 804
800 771 769
783 803 777
803 804 805
804 769 768
777 805 776
805 768 762
776 762 24
776 762 805
777 805 803
805 768 804
783 803 802
803 804 801
804 769 800
784 802 786
802 801 787
801 800 788
800 771 789
7 483 395
483 482 809
482 481 808
481 480 807
480 33 806
395 809 391
809 808 810
808 807 811
807 806 812
391 810 390
810 811 814
811 812 813
390 814 382
814 813 815
382 815 29
382 815 814
390 814 810
814 813 811
391 810 809
810 811 808
811 812 807
395 809 483
809 808 482
808 807 481
807 806 480
33 465 819
465 464 818
464 463 817
463 462 816
462 3 799
819 818 820
818 817 821
817 816 822
816 799 798
820 821 824
821 822 823
822 798 794
824 823 825
823 794 793
825 793 39
825 793 823
824 823 821
823 794 822
820 821 818
821 822 817
822 798 816
819 818 465
818 817 464
817 816 463
816 799 462
39 826 785
826 827 832
827 828 831
828 829 830
829 29 358
785 832 781
832 831 833
831 830 834
830 358 357
781 833 780
833 834 835
834 357 351
780 835 772
835 351 350
772 350 1
772 350 835
780 835 833
835 351 834
781 833 832
833 834 831
834 357 830
785 832 826
832 831 827
831 830 828
830 358 829
39 826 825
826 827 838
827 828 837
828 829 836
829 29 815
825 838 824
838 837 839
837 836 840
836 815 813
824 839 820
839 840 841
840 813 812
820 841 819
841 812 806
819 806 33
819 806 841
820 841 839
841 812 840
824 839 838
839 840 837
840 813 836
825 838 826
838 837 827
837 836 828
836 815 829
8 334 64
334 333 845
333 327 844
327 326 843
326 25 842
64 845 72
845 844 846
844 843 847
843 842 848
72 846 73
846 847 850
847 848 849
73 850 77
850 849 851
77 851 13
77 851 850
73 850 846
850 849 847
72 846 845
846 847 844
847 848 843
64 845 334
845 844 333
844 843 327
843 842 326
25 317 856
317 313 855
313 312 854
312 304 853
304 6 852
856 855 857
855 854 858
854 853 859
853 852 860
857 858 863
858 859 862
859 860 861
863 862 864
862 861 865
864 865 40
864 865 862
863 862 858
862 861 859
857 858 855
858 859 854
859 860 853
856 855 317
855 854 313
854 853 312
853 852 304
40 866 873
866 867 872
867 868 871
868 869 870
869 13 86
873 872 874
872 871 875
871 870 876
870 86 87
874 875 878
875 876 877
876 87 93
878 877 879
877 93 94
879 94 4
879 94 877
878 877 875
877 93 876
874 875 872
875 876 871
876 87 870
873 872 866
872 871 867
871 870 868
870 86 869
40 866 864
866 867 882
867 868 881
868 869 880
869 13 851
864 882 863
882 881 883
881 880 884
880 851 849
863 883 857
883 884 885
884 849 848
857 885 856
885 848 842
856 842 25
856 842 885
857 885 883
885 848 884
863 883 882
883 884 881
884 849 880
864 882 866
882 881 867
881 880 868
880 851 869
9 214 424
214 213 889
213 207 888
207 206 887
206 19 886
424 889 432
889 888 890
888 887 891
887 886 892
432 890 433
890 891 894
891 892 893
433 894 437
894 893 895
437 895 31
437 895 894
433 894 890
894 893 891
432 890 889
890 891 888
891 892 887
424 889 214
889 888 213
888 887 207
887 886 206
19 197 899
197 193 898
193 192 897
192 184 896
184 4 879
899 898 900
898 897 901
897 896 902
896 879 878
900 901 904
901 902 903
902 878 874
904 903 905
903 874 873
905 873 40
905 873 903
904 903 901
903 874 902
900 901 898
901 902 897
902 878 896
899 898 197
898 897 193
897 896 192
896 879 184
40 906 865
906 907 912
907 908 911
908 909 910
909 31 446
865 912 861
912 911 913
911 910 914
910 446 447
861 913 860
913 914 915
914 447 453
860 915 852
915 453 454
852 454 6
852 454 915
860 915 913
915 453 914
861 913 912
913 914 911
914 447 910
865 912 906
912 911 907
911 910 908
910 446 909
40 906 905
906 907 918
907 908 917
908 909 916
909 31 895
905 918 904
918 917 919
917 916 920
916 895 893
904 919 900
919 920 921
920 893 892
900 921 899
921 892 886
899 886 19
899 886 921
900 921 919
921 892 920
904 919 918
919 920 917
920 893 916
905 918 906
918 917 907
917 916 908
916 895 909
10 154 364
154 153 925
153 147 924
147 146 923
146 16 922
364 925 372
925 924 926
924 923 927
923 922 928
372 926 373
926 927 930
927 928 929
373 930 377
930 929 931
377 931 28
377 931 930
373 930 926
930 929 927
372 926 925
926 927 924
927 928 923
364 925 154
925 924 153
924 923 147
923 922 146
16 137 936
137 133 935
133 132 934
132 124 933
124 5 932
936 935 937
935 934 938
934 933 939
933 932 940
937 938 943
938 939 942
939 940 941
943 942 944
942 941 945
944 945 41
944 945 942
943 942 938
942 941 939
937 938 935
938 939 934
939 940 933
936 935 137
935 934 133
934 933 132
933 932 124
41 946 953
946 947 952
947 948 951
948 949 950
949 28 386
953 952 954
952 951 955
951 950 956
950 386 387
954 955 958
955 956 957
956 387 393
958 957 959
957 393 394
959 394 7
959 394 957
958 957 955
957 393 956
954 955 952
955 956 951
956 387 950
953 952 946
952 951 947
951 950 948
950 386 949
41 946 944
946 947 962
947 948 961
948 949 960
949 28 931
944 962 943
962 961 963
961 960 964
960 931 929
943 963 937
963 964 965
964 929 928
937 965 936
965 928 922
936 922 16
936 922 965
937 965 963
965 928 964
943 963 962
963 964 961
964 929 960
944 962 946
962 961 947
961 960 948
960 931 949
11 514 244
514 513 969
513 507 968
507 506 967
506 34 966
244 969 252
969 968 970
968 967 971
967 966 972
252 970 253
970 971 974
971 972 973
253 974 257
974 973 975
257 975 22
257 975 974
253 974 970
974 973 971
252 970 969
970 971 968
971 972 967
244 969 514
969 968 513
968 967 507
967 966 506
34 497 979
497 493 978
493 492 977
492 484 976
484 7 959
979 978 980
978 977 981
977 976 982
976 959 958
980 981 984
981 982 983
982 958 954
984 983 985
983 954 953
985 953 41
985 953 983
984 983 981
983 954 982
980 981 978
981 982 977
982 958 976
979 978 497
978 977 493
977 976 492
976 959 484
41 986 945
986 987 992
987 988 991
988 989 990
989 22 266
945 992 941
992 991 993
991 990 994
990 266 267
941 993 940
993 994 995
994 267 273
940 995 932
995 273 274
932 274 5
932 274 995
940 995 993
995 273 994
941 993 992
993 994 991
994 267 990
945 992 986
992 991 987
991 990 988
990 266 989
41 986 985
986 987 998
987 988 997
988 989 996
989 22 975
985 998 984
998 997 999
997 996 1000
996 975 973
984 999 980
999 1000 1001
1000 973 972
980 1001 979
1001 972 966
979 966 34
979 966 1001
980 1001 999
1001 972 1000
984 999 998
999 1000 997
1000 973 996
985 998 986
998 997 987
997 996 988
996 975 989
